2.813759327076797945e+01
2.813759327076797945e+01
2.874138662456413229e+01
2.925882456508853835e+01
2.971861086874173452e+01
3.010791879603769416e+01
3.043234809713787925e+01
3.069416029081190800e+01
3.091805618164708136e+01
3.110832450530335791e+01
3.125833155751436010e+01
3.138464847302939731e+01
3.148181520367134567e+01
3.155410135555056783e+01
3.159683234513325445e+01
3.164122776010000848e+01
3.167530225098919416e+01
3.168252691529961496e+01
3.170198540506468277e+01
3.172257010996063897e+01
3.173603243364161841e+01
3.173412839187763623e+01
3.174024295082823954e+01
3.173904063849084167e+01
3.174171785925400258e+01
3.172666835030285171e+01
3.171572987784997011e+01
3.171130866925986425e+01
3.170085610475525684e+01
3.169934994324434996e+01
3.169171646576270973e+01
3.168498222382878993e+01
3.167654686995833657e+01
3.165662561187693314e+01
3.165496470553448916e+01
3.166167798942375455e+01
3.166437181716252525e+01
3.166075827821295974e+01
3.166569608198472707e+01
3.165082731709009778e+01
3.165049174337937643e+01
3.163514542557667752e+01
3.164614037285280190e+01
3.163803943052100820e+01
3.163954237691777394e+01
3.162811031180510923e+01
3.161912069735096154e+01
3.162539844365526776e+01
3.162785704711709656e+01
3.162440867824987123e+01
3.162516208243667393e+01
