7.106676488017205084e-01
7.106676488017205084e-01
7.195656964195386029e-01
7.352130486209629279e-01
7.544507288841428849e-01
7.745321350616959366e-01
7.939456959271617986e-01
8.116470390821406422e-01
8.270400815906178149e-01
8.399309137618814480e-01
8.503383769677306248e-01
8.583796143300739256e-01
8.644513059742287009e-01
8.690008131419671988e-01
8.723864956535175574e-01
8.750434073246722289e-01
8.771902252385830323e-01
8.790039309890251840e-01
8.806820235031702637e-01
8.822209596397992959e-01
8.836660646508516237e-01
8.849854208520415710e-01
8.862336839018899459e-01
8.873629511387264301e-01
8.883737105388768152e-01
8.892031796908419494e-01
8.899636954862675253e-01
8.906522772965068668e-01
8.912382249336501250e-01
8.917277279672310986e-01
8.921664080712126133e-01
8.925660184324147872e-01
8.929431562289659174e-01
8.932958869113063471e-01
8.935696026767381284e-01
8.938401340444013243e-01
8.940627855169340776e-01
8.942626744090400592e-01
8.944315711851279493e-01
8.945897453401231436e-01
8.947457368650846288e-01
8.948658853828128645e-01
8.950007186619437505e-01
8.950843381736584004e-01
8.951608999216617013e-01
8.952234586633609492e-01
8.952940415800678675e-01
8.953398135437700134e-01
8.953783979752067967e-01
8.954082802432568045e-01
8.954416661636525054e-01
7.106676488017205084e-01
7.106676488017205084e-01
7.364437935607168750e-01
7.615204909382770060e-01
7.842732746851213133e-01
8.042112703493881076e-01
8.211999938145551070e-01
8.354884930835900780e-01
8.474071983881268366e-01
8.572261628335022809e-01
8.653474195576016381e-01
8.720148022913718489e-01
8.773851724133768792e-01
8.817505357105719366e-01
8.852618331055213119e-01
8.880614644798872082e-01
8.903286517239170639e-01
8.920784107798548357e-01
8.934926022107460009e-01
8.945942461697807824e-01
8.955248545759904033e-01
8.961394718715540719e-01
8.966411400133480480e-01
8.970395646075018936e-01
8.972861924350912233e-01
8.974647563266563433e-01
8.976141599983392672e-01
8.977127141148061318e-01
8.977492726308995419e-01
8.977340661419217493e-01
8.977168213136839103e-01
8.976748157294027752e-01
8.976338229211237030e-01
8.975680914009955824e-01
8.974963001600138046e-01
8.974165395162442271e-01
8.973721836392355433e-01
8.973152543983665685e-01
8.972488744848299280e-01
8.971969618643640398e-01
8.971320842377176197e-01
8.970701489713803767e-01
8.970100947963788318e-01
8.969403505207317329e-01
8.968896680232395502e-01
8.968479106712358151e-01
8.968052963797606969e-01
8.967579262357154857e-01
8.967106046171000600e-01
8.966813817631582584e-01
8.966511866543175335e-01
7.106676488017205084e-01
7.106676488017205084e-01
7.378769204773890644e-01
7.629225180398667705e-01
7.853679492429608278e-01
8.051342995015808857e-01
8.220744251040119632e-01
8.365136955595333657e-01
8.485352545866838847e-01
8.585240866871011178e-01
8.667351406819147064e-01
8.734471429649005580e-01
8.788534582221929625e-01
8.832127378679643925e-01
8.866585120018459776e-01
8.894274543123330545e-01
8.916265469278483735e-01
8.933331495241073616e-01
8.946354592260984395e-01
8.956407398033192635e-01
8.964503377642207838e-01
8.970341501495452396e-01
8.974495906712668392e-01
8.977623935796250620e-01
8.979260000443041179e-01
8.980555493986785986e-01
8.981449693957246350e-01
8.981721561817656019e-01
8.981588609290358516e-01
8.980974808448280999e-01
8.980515203539276570e-01
8.979991648965027773e-01
8.979392067573306324e-01
8.978507329216975918e-01
8.977821998746229326e-01
8.976844503911702855e-01
8.976053931110307138e-01
8.975198789069379623e-01
8.974262544898679028e-01
8.973606905883724227e-01
8.972921491173039277e-01
8.972289462454856590e-01
8.971624064145868882e-01
8.970848115570234649e-01
8.970213224984545652e-01
8.969638709867362447e-01
8.969155572581826164e-01
8.968596644484861935e-01
8.968106547276928353e-01
8.967606515941977108e-01
8.967227149398686592e-01
7.106676488017205084e-01
7.106676488017205084e-01
7.380820469897586555e-01
7.628880834468942940e-01
7.853374049554951997e-01
8.050855140427966017e-01
8.221660300769630947e-01
8.366312840666395578e-01
8.487685888470506423e-01
8.587224667803671219e-01
8.668858822114552387e-01
8.732685129156243509e-01
8.785152788481122021e-01
8.822915738813794650e-01
8.855330500979597952e-01
8.875904689928176827e-01
8.894929840286879275e-01
8.904393252922984114e-01
8.915698186441559647e-01
8.918360410293552087e-01
8.925750571888638740e-01
8.924631716488610200e-01
8.929271846149472447e-01
8.926606505734218100e-01
8.929731527394639823e-01
8.925565435626860999e-01
8.928387192902749181e-01
8.923623467582233459e-01
8.926384430729854547e-01
8.920627242434706616e-01
8.923472678123861579e-01
8.918106306058575239e-01
8.920707675770117584e-01
8.915255645735193912e-01
8.918130084447785100e-01
8.912829091250236146e-01
8.915477303486893934e-01
8.910531806987380676e-01
8.913061624578754172e-01
8.908083081400295367e-01
8.911039957782991294e-01
8.906021278569313804e-01
8.909129735271943407e-01
8.904298900655011062e-01
8.907519451183281145e-01
8.902896204079023823e-01
8.906110650420039354e-01
8.901695858474866219e-01
8.905037438189801202e-01
8.900623808155554428e-01
8.904015219944634296e-01
7.106676488017205084e-01
7.106676488017205084e-01
7.380791736136215198e-01
7.627889422825744337e-01
7.852526175610137216e-01
8.048946431323423800e-01
8.219341302793999882e-01
8.361629760808131362e-01
8.481349614719064789e-01
8.575973666093095193e-01
8.655072614615504367e-01
8.713292736298976493e-01
8.763123643547576780e-01
8.794602882685540468e-01
8.826144511257405512e-01
8.841362439899320691e-01
8.861578631756257263e-01
8.866622616522821243e-01
8.880106522694980464e-01
8.878624544762268034e-01
8.889074713404229167e-01
8.884174023977446932e-01
8.892274268241596724e-01
8.885482061537954834e-01
8.892794429636452502e-01
8.884280605875458647e-01
8.891208229548788200e-01
8.882114540150641835e-01
8.889386431929811039e-01
8.879702616014958361e-01
8.886445921346917132e-01
8.876949179931721279e-01
8.883634342732460443e-01
8.874365068610238216e-01
8.881002512420355099e-01
8.871896732276585151e-01
8.878717600549774769e-01
8.869428426057801573e-01
8.876741759474431337e-01
8.867570410429422845e-01
8.875026926582461062e-01
8.865725390051935051e-01
8.873446686886105050e-01
8.864149418492663912e-01
8.872099586310346897e-01
8.862824925476454618e-01
8.870840338122490953e-01
8.861746710510342018e-01
8.869772336909207411e-01
8.860776335161130168e-01
8.868703005489416702e-01
