2.812666005417555226e+01
2.812666005417555226e+01
2.839308114455959497e+01
2.882614927742642408e+01
2.932683532015706263e+01
2.982854468303199980e+01
3.029859803035554222e+01
3.071798747157894738e+01
3.107714257595798202e+01
3.137519649354025120e+01
3.161371052509342761e+01
3.179742240182043389e+01
3.193622456422520628e+01
3.203823627131545493e+01
3.211341435168465352e+01
3.217208925052014479e+01
3.221832485478203978e+01
3.225935325327353098e+01
3.229716714893756091e+01
3.233302558446958130e+01
3.236885395545687771e+01
3.240382624130246114e+01
3.243730972574195448e+01
3.246942566795610219e+01
3.249905795011334675e+01
3.252486671262879270e+01
3.254922612406880233e+01
3.257226419474580581e+01
3.259262754001017726e+01
3.261073918130469451e+01
3.262826848834671267e+01
3.264426520119430108e+01
3.266080303899779835e+01
3.267516417796147010e+01
3.268827281744697899e+01
3.270158312879672735e+01
3.271289382099790544e+01
3.272397656545165745e+01
3.273437362897220027e+01
3.274398660437675801e+01
3.275388129082695343e+01
3.276239254490327113e+01
3.277120264334025990e+01
3.277928875523726759e+01
3.278617487572196154e+01
3.279233555258275601e+01
3.279918139545564770e+01
3.280532021399699261e+01
3.281020882059389976e+01
3.281527993873010018e+01
3.282038768023025455e+01
2.812666005417555226e+01
2.812666005417555226e+01
2.880338354412197077e+01
2.944033527281824192e+01
3.000537071095737929e+01
3.049296496213563756e+01
3.090536473676228724e+01
3.124837766604175116e+01
3.153223316262818088e+01
3.176710346565029042e+01
3.196091587446974103e+01
3.212121612706660301e+01
3.225235773454956245e+01
3.236012942047948826e+01
3.244961458312734237e+01
3.252336327917097236e+01
3.258435864587416120e+01
3.263531750572048651e+01
3.267829796378012475e+01
3.271293220701857507e+01
3.274498716242664642e+01
3.276871520458753650e+01
3.278968153178015399e+01
3.280830540834897846e+01
3.282275146869842786e+01
3.283577408487637683e+01
3.284764581736688882e+01
3.285806905973076653e+01
3.286598486974251898e+01
3.287277387004314733e+01
3.287903219038403080e+01
3.288430351300048926e+01
3.288946752364525850e+01
3.289325480222472464e+01
3.289605410807357089e+01
3.289859340425040557e+01
3.290147349509574326e+01
3.290393857997769089e+01
3.290662064844086387e+01
3.290892665745897716e+01
3.291035750801935933e+01
3.291178127078203630e+01
3.291308593480704303e+01
3.291410730759222503e+01
3.291544634743057429e+01
3.291632229849816582e+01
3.291782840275036648e+01
3.291866582288422194e+01
3.291979676371988006e+01
3.292084601448322445e+01
3.292190175125949025e+01
2.812666005417555226e+01
2.812666005417555226e+01
2.883374377693620616e+01
2.946895879007963615e+01
3.002697326568674185e+01
3.050989141577906594e+01
3.092071894136739729e+01
3.126650342835938545e+01
3.155412518539224465e+01
3.179328514264886252e+01
3.199105249046720445e+01
3.215465279913483698e+01
3.228833164423753743e+01
3.239854274464629924e+01
3.248941287088748453e+01
3.256419300856864396e+01
3.262578003332113497e+01
3.267655209187575593e+01
3.271857231345087769e+01
3.275293391877646343e+01
3.278323970445944013e+01
3.280631346908790391e+01
3.282616670517745661e+01
3.284243093309640216e+01
3.285535486275882988e+01
3.286699074738107385e+01
3.287811203419848027e+01
3.288641179577855667e+01
3.289272856089943531e+01
3.289745663596050207e+01
3.290199060130967723e+01
3.290656830712691061e+01
3.291047324681819930e+01
3.291285100397179519e+01
3.291481599281150494e+01
3.291675670521441077e+01
3.291796715588957056e+01
3.291942116891112136e+01
3.292080491411112320e+01
3.292235633589790211e+01
3.292432264933230357e+01
3.292572150538823905e+01
3.292648365658258314e+01
3.292702590235234794e+01
3.292737184005056150e+01
3.292791610666228763e+01
3.292930052363860938e+01
3.293007999946998154e+01
3.293098214100953669e+01
3.293138956275941354e+01
3.293173972420420625e+01
2.812666005417555226e+01
2.812666005417555226e+01
2.883821315336037827e+01
2.946723589661001341e+01
3.002367206198692173e+01
3.050587061851529569e+01
3.091910656092307974e+01
3.126610822691864655e+01
3.155668189254953404e+01
3.179580669545971361e+01
3.199399175643105764e+01
3.215101607408186624e+01
3.228051899475103426e+01
3.237519764949421841e+01
3.245752415215812903e+01
3.250875496224922756e+01
3.255650687650332031e+01
3.257903287615035737e+01
3.260643928268288505e+01
3.260886151664502819e+01
3.262496084081882231e+01
3.261668083058589929e+01
3.262597361201338941e+01
3.261257608477119874e+01
3.261817086627752360e+01
3.260038301381754877e+01
3.260514263463040407e+01
3.258641385575877791e+01
3.259096814119273233e+01
3.257086174542090617e+01
3.257620568437858566e+01
3.255672915769299181e+01
3.256190612528581596e+01
3.254260182939353285e+01
3.254933501993085088e+01
3.253002076534447440e+01
3.253704941650151738e+01
3.251899215502935903e+01
3.252594050177519591e+01
3.250838260780140843e+01
3.251668543183807714e+01
3.249930171414719382e+01
3.250793692087343345e+01
3.249160972799023028e+01
3.250078685460916006e+01
3.248495560106240276e+01
3.249439750987686182e+01
3.247935599676077345e+01
3.248920555160496804e+01
3.247440247162728610e+01
3.248487452925861874e+01
2.812666005417555226e+01
2.812666005417555226e+01
2.883819908077019889e+01
2.946493050499980271e+01
3.002198743082050925e+01
3.050179624075121865e+01
3.091461906440300567e+01
3.125670449278685581e+01
3.154411232508318363e+01
3.177228757411845805e+01
3.196337288644608776e+01
3.210508386743576636e+01
3.222517625457140156e+01
3.230008414530509242e+01
3.237551961494642683e+01
3.240824583337852260e+01
3.245386657482511339e+01
3.246102551507637912e+01
3.248860014552958120e+01
3.247837477487507840e+01
3.249822512563459753e+01
3.247809558778131134e+01
3.249307215218088629e+01
3.246795519716106782e+01
3.248135891519971352e+01
3.245236703261619482e+01
3.246502766585463462e+01
3.243531469156265246e+01
3.244935466785570810e+01
3.241850258546790542e+01
3.243261808890175502e+01
3.240257499774058658e+01
3.241727817649719157e+01
3.238713903035944242e+01
3.240278296233817912e+01
3.237366254053767278e+01
3.239047542216275133e+01
3.236128026824864889e+01
3.237954290427659032e+01
3.235103001233609632e+01
3.236980018281904847e+01
3.234174403224602656e+01
3.236085925304736577e+01
3.233369159683521588e+01
3.235384775934907253e+01
3.232670634025418366e+01
3.234754516981378458e+01
3.232086313829265833e+01
3.234208574449298368e+01
3.231590286292428260e+01
3.233716656189398719e+01
