7.105024135823364562e-01
7.105024135823364562e-01
7.338957027471612049e-01
7.548378629697732878e-01
7.737942749870219128e-01
7.899392092986599057e-01
8.042197601419964759e-01
8.159726361639727532e-01
8.258338336939278213e-01
8.343539335149479097e-01
8.410391072143236224e-01
8.466557142587758378e-01
8.513383408770136551e-01
8.546481678004507199e-01
8.570193162526497099e-01
8.593025526477511278e-01
8.610106895159341800e-01
8.618129387948860742e-01
8.629566941846343875e-01
8.642845493971844650e-01
8.651129268400268302e-01
8.657449855341246003e-01
8.661591417784897384e-01
8.663219409550777517e-01
8.665335270483396357e-01
8.663329846304750337e-01
8.662334178485581182e-01
8.665021228361219352e-01
8.667223503119181327e-01
8.666618662475974455e-01
8.667834740089803702e-01
8.665660315290452109e-01
8.663920997975622651e-01
8.658071138271606904e-01
8.660293972285562081e-01
8.665512224290814469e-01
8.669288682161608861e-01
8.667453540932106293e-01
8.667515754106996928e-01
8.663136019823310940e-01
8.661503232758702708e-01
8.655930012273396201e-01
8.659099530488132412e-01
8.655640138265006112e-01
8.659363140627123201e-01
8.657411418137508363e-01
8.653701422347112038e-01
8.658359793169511098e-01
8.659781059806131998e-01
8.659795231825953010e-01
8.656317430041937655e-01
